55139034
139208472
75515290
274544577
273438397
199028162
199026763
198526722
203511764
139211455
273793152
111572999
271100629
273017465
274027229
271100631
94365465
31261837
31595351
31595032
75634847
117835560
49463870
31596418
152333711
6638495
133914254
37940860
179493092
75620679
31596702
167756150
31595106
31594991
198584632
19841158
199029890
51239369
57961610
44843874
41342106
174216961
50025458
249570604
113919437
27524846
190702434
25290175
25317898
192140123
187180135
56981908
181447701
199730934
197544914
271580409
27880357
186617305
4071637
189088402
48595451
133914432
52985314
191474188
46152064
19584053
51422585
59463948
21079715
195286049
179533066
272246863
30040268
99187224
158456389
184589193
44855678
108825402
29559936
136884129
30037049
152567844
41767514
163902552
117477504
143826780
103046797
41767734
152333697
40369884
121211361
44855804
30109087
152333629
30065305
80890580
7135263
184268244
211303721
214045020